%YAML:1.0
rotation: [ 1., 0., 0., 0., 1., 0., 0., 0., 1. ]
hand_joints:
   finger1joint1: [ -1.1519173383712769e+00, 0., 0. ]
   finger1joint2: [ -1.0908308029174805e+00, 0., 0. ]
   finger1joint3: [ -6.5449845790863037e-01, 0., 0. ]
   finger2joint1: [ -8.2903140783309937e-01, 0., 0. ]
   finger2joint2: [ -1.8500490188598633e+00, 4.3633233755826950e-02, 0. ]
   finger2joint3: [ -1.0471975803375244e-01, 0., 0. ]
   finger3joint1: [ 3.7524580955505371e-01, -1.4835299551486969e-01, 0. ]
   finger3joint2: [ 4.2760568857192993e-01, -2.3561945557594299e-01, 0. ]
   finger3joint3: [ 3.1415927410125732e-01, -6.1086524277925491e-02, 0. ]
   finger4joint1: [ 1.8325957655906677e-01, 1.7453293502330780e-01, 0. ]
   finger4joint2: [ 4.4505897164344788e-01, 0., 0. ]
   finger4joint3: [ 1.1344640702009201e-01, 0., 0. ]
   finger5joint1: [ 2.6179939508438110e-01, -8.7266461923718452e-03, 0. ]
   finger5joint2: [ -3.1415927410125732e-01, 0., 0. ]
   finger5joint3: [ 5.2359879016876221e-02, 0., 0. ]
   metacarpals: [ 1.1344640702009201e-01, 0., 0. ]
   carpals: [ 1.4748032093048096e+00, -1.2217304855585098e-01,
       3.1415927410125732e+00 ]
   root: [ -2.2427482604980469e+00, 1.3089969754219055e-01,
       1.2828170061111450e+00 ]
