%YAML:1.0
rotation: [ 1., 0., 0., 0., 1., 0., 0., 0., 1. ]
hand_joints:
   finger1joint1: [ -1.1519173383712769e+00, 0., 0. ]
   finger1joint2: [ -1.0908308029174805e+00, 0., 0. ]
   finger1joint3: [ -6.5449845790863037e-01, 0., 0. ]
   finger2joint1: [ -8.2903140783309937e-01, 0., 0. ]
   finger2joint2: [ -1.8064157962799072e+00, 0., 0. ]
   finger2joint3: [ -1.0471975803375244e-01, 0., 0. ]
   finger3joint1: [ -1.1170107126235962e+00, 0., 0. ]
   finger3joint2: [ -1.3264502286911011e+00, 0., 0. ]
   finger3joint3: [ -4.3633231520652771e-01, 0., 0. ]
   finger4joint1: [ 1.1344640702009201e-01, -1.0471975803375244e-01, 0. ]
   finger4joint2: [ 4.4505897164344788e-01, 0., 0. ]
   finger4joint3: [ 1.1344640702009201e-01, 0., 0. ]
   finger5joint1: [ 2.6179939508438110e-01, -8.7266461923718452e-03, 0. ]
   finger5joint2: [ -3.1415927410125732e-01, 0., 0. ]
   finger5joint3: [ 5.2359879016876221e-02, 0., 0. ]
   metacarpals: [ 1.1344640702009201e-01, 0., 0. ]
   carpals: [ 2.3561945557594299e-01, 4.3633233755826950e-02,
       2.9670598506927490e+00 ]
   root: [ -3.1415927410125732e+00, 6.8940508365631104e-01,
       1.5620697736740112e+00 ]
