%YAML:1.0
rotation: [ 1., 0., 0., 0., 1., 0., 0., 0., 1. ]
hand_joints:
   finger1joint1: [ -1.1519173383712769e+00, 0., 0. ]
   finger1joint2: [ -1.0821042060852051e+00, 0., 0. ]
   finger1joint3: [ -6.4577186107635498e-01, 0., 0. ]
   finger2joint1: [ -8.2903140783309937e-01, 0., 0. ]
   finger2joint2: [ -1.7976891994476318e+00, 0., 0. ]
   finger2joint3: [ -1.0471975803375244e-01, 0., 0. ]
   finger3joint1: [ -1.1170107126235962e+00, 0., 0. ]
   finger3joint2: [ -1.3177236318588257e+00, 0., 0. ]
   finger3joint3: [ -4.2760568857192993e-01, 0., 0. ]
   finger4joint1: [ -1.0733774900436401e+00, 0., 0. ]
   finger4joint2: [ -1.0297442674636841e+00, 0., 0. ]
   finger4joint3: [ -3.9269909262657166e-01, 0., 0. ]
   finger5joint1: [ 2.8797933459281921e-01, 4.9741885066032410e-01, 0. ]
   finger5joint2: [ 4.2760568857192993e-01, 0., 0. ]
   finger5joint3: [ 3.9269909262657166e-01, 0., 0. ]
   metacarpals: [ 3.1415927410125732e-01, 0., 0. ]
   carpals: [ -6.1086524277925491e-02, 0., 0. ]
   root: [ -2.9321532249450684e+00, 0., 2.6179939508438110e-02 ]
