%YAML:1.0
rotation: [ 1., 0., 0., 0., 1., 0., 0., 0., 1. ]
hand_joints:
   finger1joint1: [ -1.1519173383712769e+00, 0., 0. ]
   finger1joint2: [ -1.0908308029174805e+00, 0., 0. ]
   finger1joint3: [ -6.5449845790863037e-01, 0., 0. ]
   finger2joint1: [ -8.2903140783309937e-01, 0., 0. ]
   finger2joint2: [ -1.8064157962799072e+00, 0., 0. ]
   finger2joint3: [ -1.0471975803375244e-01, 0., 0. ]
   finger3joint1: [ -1.1170107126235962e+00, 0., 0. ]
   finger3joint2: [ -1.3264502286911011e+00, 0., 0. ]
   finger3joint3: [ -4.3633231520652771e-01, 0., 0. ]
   finger4joint1: [ 1.1344640702009201e-01, 0., 0. ]
   finger4joint2: [ 4.4505897164344788e-01, 0., 0. ]
   finger4joint3: [ 1.1344640702009201e-01, 0., 0. ]
   finger5joint1: [ 1.8325957655906677e-01, -8.7266461923718452e-03, 0. ]
   finger5joint2: [ -1.8325957655906677e-01, 0., 0. ]
   finger5joint3: [ -8.1157815456390381e-01, 0., 0. ]
   metacarpals: [ 1.2217304855585098e-01, 0., 0. ]
   carpals: [ -2.6179939508438110e-02, 0., -4.3633233755826950e-02 ]
   root: [ -3.0194196701049805e+00, 2.0943951606750488e-01,
       1.5009832382202148e+00 ]
