%YAML:1.0
rotation: [ 1., 0., 0., 0., 1., 0., 0., 0., 1. ]
hand_joints:
   finger1joint1: [ -1.2217304855585098e-01, -1.3962633907794952e-01,
       1.1344640702009201e-01 ]
   finger1joint2: [ 6.3704520463943481e-01, 0., 0. ]
   finger1joint3: [ 8.7266467511653900e-02, 0., -8.7266461923718452e-03 ]
   finger2joint1: [ 5.2359879016876221e-02, -9.5993109047412872e-02, 0. ]
   finger2joint2: [ 4.0142574906349182e-01, -1.3962633907794952e-01, 0. ]
   finger2joint3: [ 2.9670599102973938e-01, -1.5707963705062866e-01, 0. ]
   finger3joint1: [ 1.5707963705062866e-01, -2.6179939508438110e-02, 0. ]
   finger3joint2: [ 4.2760568857192993e-01, -1.5707963705062866e-01, 0. ]
   finger3joint3: [ 4.2760568857192993e-01, -7.8539818525314331e-02, 0. ]
   finger4joint1: [ 1.1344640702009201e-01, 8.7266467511653900e-02, 0. ]
   finger4joint2: [ 4.4505897164344788e-01, 0., 0. ]
   finger4joint3: [ 1.1344640702009201e-01, 0., 0. ]
   finger5joint1: [ 3.3161255717277527e-01, 3.7524580955505371e-01,
       5.2359879016876221e-02 ]
   finger5joint2: [ 1.8325957655906677e-01, 0., 0. ]
   finger5joint3: [ 3.2288593053817749e-01, 0., 0. ]
   metacarpals: [ 1.1344640702009201e-01, 0., 0. ]
   carpals: [ -2.6179939508438110e-02, 0., -3.4906587004661560e-01 ]
   root: [ -2.8361601829528809e+00, 2.0943951606750488e-01,
       1.5009832382202148e+00 ]
