%YAML:1.0
rotation: [ 1., 0., 0., 0., 1., 0., 0., 0., 1. ]
hand_joints:
   finger1joint1: [ -7.0685839653015137e-01, 0., 0. ]
   finger1joint2: [ -1.0908308029174805e+00, 0., 0. ]
   finger1joint3: [ -1.1780972480773926e+00, 0., 0. ]
   finger2joint1: [ -5.4977869987487793e-01, 0., 0. ]
   finger2joint2: [ -1.8500490188598633e+00, 4.3633233755826950e-02, 0. ]
   finger2joint3: [ -1.0471975803375244e-01, 0., 0. ]
   finger3joint1: [ 3.6651915311813354e-01, -9.5993109047412872e-02,
       -2.6179939508438110e-01 ]
   finger3joint2: [ 4.2760568857192993e-01, -1.5707963705062866e-01, 0. ]
   finger3joint3: [ 3.1415927410125732e-01, -1.2217304855585098e-01, 0. ]
   finger4joint1: [ 1.1344640702009201e-01, 1.7453293502330780e-01, 0. ]
   finger4joint2: [ 4.4505897164344788e-01, 0., 0. ]
   finger4joint3: [ 2.0943951606750488e-01, -1.2217304855585098e-01, 0. ]
   finger5joint1: [ 2.6179939508438110e-01, -8.7266461923718452e-03, 0. ]
   finger5joint2: [ -3.1415927410125732e-01, 0., 0. ]
   finger5joint3: [ -8.9011794328689575e-01, 0., 0. ]
   metacarpals: [ 1.1344640702009201e-01, 0., 0. ]
   carpals: [ -2.6179939508438110e-02, 0., 3.1415927410125732e+00 ]
   root: [ -2.8536133766174316e+00, -7.1558499336242676e-01,
       1.5446164608001709e+00 ]
