%YAML:1.0
rotation: [ 1., 0., 0., 0., 1., 0., 0., 0., 1. ]
hand_joints:
   finger1joint1: [ 2.7925267815589905e-01, 5.2359879016876221e-02, 0. ]
   finger1joint2: [ 3.4906587004661560e-01, 8.7266467511653900e-02, 0. ]
   finger1joint3: [ 2.0943951606750488e-01, 0., 0. ]
   finger2joint1: [ 2.7052605152130127e-01, 0., 0. ]
   finger2joint2: [ 5.7595866918563843e-01, 0., 0. ]
   finger2joint3: [ 0., 0., 0. ]
   finger3joint1: [ 1.8325957655906677e-01, 0., 0. ]
   finger3joint2: [ 6.0213863849639893e-01, 0., 0. ]
   finger3joint3: [ 0., 0., 0. ]
   finger4joint1: [ 8.7266467511653900e-02, 0., 0. ]
   finger4joint2: [ 3.7524580955505371e-01, 0., 0. ]
   finger4joint3: [ 0., 0., 0. ]
   finger5joint1: [ 2.3561945557594299e-01, 2.6179939508438110e-02, 0. ]
   finger5joint2: [ 0., 0., 0. ]
   finger5joint3: [ 0., 0., 0. ]
   metacarpals: [ 3.1415927410125732e-01, 0., 0. ]
   carpals: [ -6.1086524277925491e-02, 0., 2.3561945557594299e-01 ]
   root: [ -2.9408798217773438e+00, 1.8849556446075439e+00,
       -7.8539818525314331e-02 ]
