%YAML:1.0
rotation: [ 1., 0., 0., 0., 1., 0., 0., 0., 1. ]
hand_joints:
   finger1joint1: [ -8.3775806427001953e-01, 0., 0. ]
   finger1joint2: [ -1.0908308029174805e+00, 0., 0. ]
   finger1joint3: [ -6.5449845790863037e-01, 0., 0. ]
   finger2joint1: [ -8.2903140783309937e-01, 0., 0. ]
   finger2joint2: [ -1.8064157962799072e+00, 0., 0. ]
   finger2joint3: [ -1.0471975803375244e-01, 0., 0. ]
   finger3joint1: [ -1.1955505609512329e+00, 6.1086524277925491e-02, 0. ]
   finger3joint2: [ -1.3264502286911011e+00, 0., 0. ]
   finger3joint3: [ -4.3633231520652771e-01, 0., 0. ]
   finger4joint1: [ -1.0733774900436401e+00, 0., 0. ]
   finger4joint2: [ -1.0297442674636841e+00, 0., 0. ]
   finger4joint3: [ -3.9269909262657166e-01, 0., 0. ]
   finger5joint1: [ 2.6179939508438110e-02, -5.2359879016876221e-02,
       4.4505897164344788e-01 ]
   finger5joint2: [ -1.8325957655906677e-01, 0., -1.7453292384743690e-02 ]
   finger5joint3: [ -6.8067842721939087e-01, 0., 0. ]
   metacarpals: [ 3.1415927410125732e-01, 0., 0. ]
   carpals: [ -6.1086524277925491e-02, 0., 0. ]
   root: [ -2.9408798217773438e+00, 2.9757864475250244e+00,
       -7.8539818525314331e-02 ]
