%YAML:1.0
rotation: [ 1., 0., 0., 0., 1., 0., 0., 0., 1. ]
hand_joints:
   finger1joint1: [ -6.8067842721939087e-01, 0., 0. ]
   finger1joint2: [ -1.0908308029174805e+00, 0., 0. ]
   finger1joint3: [ -9.6865773200988770e-01, 0., 0. ]
   finger2joint1: [ -8.2903140783309937e-01, 0., 0. ]
   finger2joint2: [ -1.8064157962799072e+00, 0., 0. ]
   finger2joint3: [ -1.0471975803375244e-01, 0., 0. ]
   finger3joint1: [ -1.1170107126235962e+00, 0., 0. ]
   finger3joint2: [ -1.3264502286911011e+00, 0., 0. ]
   finger3joint3: [ -4.3633231520652771e-01, 0., 0. ]
   finger4joint1: [ 1.1344640702009201e-01, -1.0471975803375244e-01, 0. ]
   finger4joint2: [ 4.0142574906349182e-01, 0., 0. ]
   finger4joint3: [ 2.7052605152130127e-01, 0., 0. ]
   finger5joint1: [ 9.5993109047412872e-02, 1.1344640702009201e-01,
       -1.7453292384743690e-02 ]
   finger5joint2: [ -3.1415927410125732e-01, 0., 0. ]
   finger5joint3: [ -1.0559241771697998e+00, 0., 0. ]
   metacarpals: [ 1.1344640702009201e-01, -6.6322511434555054e-01, 0. ]
   carpals: [ 1.7453293502330780e-01, 7.8539818525314331e-01,
       3.0630528926849365e+00 ]
   root: [ -3.1415927410125732e+00, 0., -1.6144295930862427e+00 ]
