%YAML:1.0
rotation: [ 1., 0., 0., 0., 1., 0., 0., 0., 1. ]
hand_joints:
   finger1joint1: [ -1.1519173383712769e+00, 0., 0. ]
   finger1joint2: [ -1.0908308029174805e+00, 0., 0. ]
   finger1joint3: [ -6.5449845790863037e-01, 0., 0. ]
   finger2joint1: [ -8.2903140783309937e-01, 0., 0. ]
   finger2joint2: [ -1.8500490188598633e+00, 4.3633233755826950e-02, 0. ]
   finger2joint3: [ -1.0471975803375244e-01, 0., 0. ]
   finger3joint1: [ -3.4906584769487381e-02, -2.7925267815589905e-01, 0. ]
   finger3joint2: [ 4.5378562808036804e-01, -2.0071287453174591e-01, 0. ]
   finger3joint3: [ 5.4105210304260254e-01, 0., 0. ]
   finger4joint1: [ 1.1344640702009201e-01, 1.7453293502330780e-01, 0. ]
   finger4joint2: [ 4.4505897164344788e-01, 0., 0. ]
   finger4joint3: [ 1.1344640702009201e-01, 0., 0. ]
   finger5joint1: [ 2.7052605152130127e-01, 2.3561945557594299e-01, 0. ]
   finger5joint2: [ 2.9670599102973938e-01, 0., 0. ]
   finger5joint3: [ 5.2359879016876221e-02, 0., 0. ]
   metacarpals: [ 1.1344640702009201e-01, 0., 0. ]
   carpals: [ -2.6179939508438110e-02, 0., -7.8539818525314331e-02 ]
   root: [ -2.8536133766174316e+00, 2.0943951606750488e-01,
       1.6318829059600830e+00 ]
